{
 "cells": [
  {
   "cell_type": "code",
   "execution_count": 1,
   "metadata": {},
   "outputs": [],
   "source": [
    "import pandas as pd\n",
    "import numpy as np\n",
    "import gzip"
   ]
  },
  {
   "cell_type": "markdown",
   "metadata": {},
   "source": [
    "# Import sets"
   ]
  },
  {
   "cell_type": "code",
   "execution_count": 2,
   "metadata": {},
   "outputs": [
    {
     "data": {
      "text/html": [
       "<div>\n",
       "<style scoped>\n",
       "    .dataframe tbody tr th:only-of-type {\n",
       "        vertical-align: middle;\n",
       "    }\n",
       "\n",
       "    .dataframe tbody tr th {\n",
       "        vertical-align: top;\n",
       "    }\n",
       "\n",
       "    .dataframe thead th {\n",
       "        text-align: right;\n",
       "    }\n",
       "</style>\n",
       "<table border=\"1\" class=\"dataframe\">\n",
       "  <thead>\n",
       "    <tr style=\"text-align: right;\">\n",
       "      <th></th>\n",
       "      <th>0</th>\n",
       "    </tr>\n",
       "  </thead>\n",
       "  <tbody>\n",
       "    <tr>\n",
       "      <th>0</th>\n",
       "      <td>0.3211370672670980 0.1298366236446730 0.284628...</td>\n",
       "    </tr>\n",
       "    <tr>\n",
       "      <th>1</th>\n",
       "      <td>0.3191806615776080 0.1953689567430030 0.267221...</td>\n",
       "    </tr>\n",
       "    <tr>\n",
       "      <th>2</th>\n",
       "      <td>0.3848945828642780 0.1566695557171650 0.163762...</td>\n",
       "    </tr>\n",
       "    <tr>\n",
       "      <th>3</th>\n",
       "      <td>0.4206054630864700 0.1566239440159290 0.179222...</td>\n",
       "    </tr>\n",
       "    <tr>\n",
       "      <th>4</th>\n",
       "      <td>0.3476212679068120 0.1868820039551750 0.204680...</td>\n",
       "    </tr>\n",
       "    <tr>\n",
       "      <th>...</th>\n",
       "      <td>...</td>\n",
       "    </tr>\n",
       "    <tr>\n",
       "      <th>9217</th>\n",
       "      <td>0.2082055436606680 0.2951218100804350 0.252994...</td>\n",
       "    </tr>\n",
       "    <tr>\n",
       "      <th>9218</th>\n",
       "      <td>0.1873094834170310 0.3050901299737080 0.279277...</td>\n",
       "    </tr>\n",
       "    <tr>\n",
       "      <th>9219</th>\n",
       "      <td>0.1824403786462050 0.3087933062137310 0.269243...</td>\n",
       "    </tr>\n",
       "    <tr>\n",
       "      <th>9220</th>\n",
       "      <td>0.1784117779043480 0.3186843059079380 0.257102...</td>\n",
       "    </tr>\n",
       "    <tr>\n",
       "      <th>9221</th>\n",
       "      <td>0.1932692984307930 0.3064844134825140 0.266413...</td>\n",
       "    </tr>\n",
       "  </tbody>\n",
       "</table>\n",
       "<p>9222 rows × 1 columns</p>\n",
       "</div>"
      ],
      "text/plain": [
       "                                                      0\n",
       "0     0.3211370672670980 0.1298366236446730 0.284628...\n",
       "1     0.3191806615776080 0.1953689567430030 0.267221...\n",
       "2     0.3848945828642780 0.1566695557171650 0.163762...\n",
       "3     0.4206054630864700 0.1566239440159290 0.179222...\n",
       "4     0.3476212679068120 0.1868820039551750 0.204680...\n",
       "...                                                 ...\n",
       "9217  0.2082055436606680 0.2951218100804350 0.252994...\n",
       "9218  0.1873094834170310 0.3050901299737080 0.279277...\n",
       "9219  0.1824403786462050 0.3087933062137310 0.269243...\n",
       "9220  0.1784117779043480 0.3186843059079380 0.257102...\n",
       "9221  0.1932692984307930 0.3064844134825140 0.266413...\n",
       "\n",
       "[9222 rows x 1 columns]"
      ]
     },
     "execution_count": 2,
     "metadata": {},
     "output_type": "execute_result"
    }
   ],
   "source": [
    "path = \"C:/Users/Bruna/OneDrive/Documentos/estudos sobre DNA/\"\n",
    "file = \"fullBacteriaP1.txt\"\n",
    "txt1 = pd.read_csv(path+file, sep=',', header=None)\n",
    "txt1"
   ]
  },
  {
   "cell_type": "code",
   "execution_count": 3,
   "metadata": {},
   "outputs": [
    {
     "data": {
      "text/html": [
       "<div>\n",
       "<style scoped>\n",
       "    .dataframe tbody tr th:only-of-type {\n",
       "        vertical-align: middle;\n",
       "    }\n",
       "\n",
       "    .dataframe tbody tr th {\n",
       "        vertical-align: top;\n",
       "    }\n",
       "\n",
       "    .dataframe thead th {\n",
       "        text-align: right;\n",
       "    }\n",
       "</style>\n",
       "<table border=\"1\" class=\"dataframe\">\n",
       "  <thead>\n",
       "    <tr style=\"text-align: right;\">\n",
       "      <th></th>\n",
       "      <th>0</th>\n",
       "    </tr>\n",
       "  </thead>\n",
       "  <tbody>\n",
       "    <tr>\n",
       "      <th>0</th>\n",
       "      <td>0.3582422187511900 0.1824005993879130 0.203804...</td>\n",
       "    </tr>\n",
       "    <tr>\n",
       "      <th>1</th>\n",
       "      <td>0.3202263750515830 0.2014711758271270 0.252032...</td>\n",
       "    </tr>\n",
       "    <tr>\n",
       "      <th>2</th>\n",
       "      <td>0.3902239469763220 0.1697560865763170 0.146903...</td>\n",
       "    </tr>\n",
       "    <tr>\n",
       "      <th>3</th>\n",
       "      <td>0.4225163516506150 0.1462738837101510 0.156172...</td>\n",
       "    </tr>\n",
       "    <tr>\n",
       "      <th>4</th>\n",
       "      <td>0.3444835136001510 0.1891483460380290 0.202895...</td>\n",
       "    </tr>\n",
       "    <tr>\n",
       "      <th>...</th>\n",
       "      <td>...</td>\n",
       "    </tr>\n",
       "    <tr>\n",
       "      <th>9217</th>\n",
       "      <td>0.2176767327758970 0.2771059360099510 0.258102...</td>\n",
       "    </tr>\n",
       "    <tr>\n",
       "      <th>9218</th>\n",
       "      <td>0.1776783938299250 0.3253148881288940 0.271782...</td>\n",
       "    </tr>\n",
       "    <tr>\n",
       "      <th>9219</th>\n",
       "      <td>0.1844965213904520 0.3219915091336750 0.257123...</td>\n",
       "    </tr>\n",
       "    <tr>\n",
       "      <th>9220</th>\n",
       "      <td>0.1807911854506840 0.3389530510199570 0.239284...</td>\n",
       "    </tr>\n",
       "    <tr>\n",
       "      <th>9221</th>\n",
       "      <td>0.1824504433778790 0.3328849001730690 0.256802...</td>\n",
       "    </tr>\n",
       "  </tbody>\n",
       "</table>\n",
       "<p>9222 rows × 1 columns</p>\n",
       "</div>"
      ],
      "text/plain": [
       "                                                      0\n",
       "0     0.3582422187511900 0.1824005993879130 0.203804...\n",
       "1     0.3202263750515830 0.2014711758271270 0.252032...\n",
       "2     0.3902239469763220 0.1697560865763170 0.146903...\n",
       "3     0.4225163516506150 0.1462738837101510 0.156172...\n",
       "4     0.3444835136001510 0.1891483460380290 0.202895...\n",
       "...                                                 ...\n",
       "9217  0.2176767327758970 0.2771059360099510 0.258102...\n",
       "9218  0.1776783938299250 0.3253148881288940 0.271782...\n",
       "9219  0.1844965213904520 0.3219915091336750 0.257123...\n",
       "9220  0.1807911854506840 0.3389530510199570 0.239284...\n",
       "9221  0.1824504433778790 0.3328849001730690 0.256802...\n",
       "\n",
       "[9222 rows x 1 columns]"
      ]
     },
     "execution_count": 3,
     "metadata": {},
     "output_type": "execute_result"
    }
   ],
   "source": [
    "path = \"C:/Users/Bruna/OneDrive/Documentos/estudos sobre DNA/\"\n",
    "file = \"fullBacteriaP2.txt\"\n",
    "txt2 = pd.read_csv(path+file, sep=',', header=None)\n",
    "txt2"
   ]
  },
  {
   "cell_type": "markdown",
   "metadata": {},
   "source": [
    "# organize sets to become dataframes with entries type float64"
   ]
  },
  {
   "cell_type": "code",
   "execution_count": 4,
   "metadata": {},
   "outputs": [],
   "source": [
    "txt1 = txt1.rename(columns={0:\"column\"})"
   ]
  },
  {
   "cell_type": "code",
   "execution_count": 5,
   "metadata": {},
   "outputs": [
    {
     "data": {
      "text/html": [
       "<div>\n",
       "<style scoped>\n",
       "    .dataframe tbody tr th:only-of-type {\n",
       "        vertical-align: middle;\n",
       "    }\n",
       "\n",
       "    .dataframe tbody tr th {\n",
       "        vertical-align: top;\n",
       "    }\n",
       "\n",
       "    .dataframe thead th {\n",
       "        text-align: right;\n",
       "    }\n",
       "</style>\n",
       "<table border=\"1\" class=\"dataframe\">\n",
       "  <thead>\n",
       "    <tr style=\"text-align: right;\">\n",
       "      <th></th>\n",
       "      <th>column2</th>\n",
       "    </tr>\n",
       "  </thead>\n",
       "  <tbody>\n",
       "    <tr>\n",
       "      <th>0</th>\n",
       "      <td>0.3582422187511900 0.1824005993879130 0.203804...</td>\n",
       "    </tr>\n",
       "    <tr>\n",
       "      <th>1</th>\n",
       "      <td>0.3202263750515830 0.2014711758271270 0.252032...</td>\n",
       "    </tr>\n",
       "    <tr>\n",
       "      <th>2</th>\n",
       "      <td>0.3902239469763220 0.1697560865763170 0.146903...</td>\n",
       "    </tr>\n",
       "    <tr>\n",
       "      <th>3</th>\n",
       "      <td>0.4225163516506150 0.1462738837101510 0.156172...</td>\n",
       "    </tr>\n",
       "    <tr>\n",
       "      <th>4</th>\n",
       "      <td>0.3444835136001510 0.1891483460380290 0.202895...</td>\n",
       "    </tr>\n",
       "    <tr>\n",
       "      <th>...</th>\n",
       "      <td>...</td>\n",
       "    </tr>\n",
       "    <tr>\n",
       "      <th>9217</th>\n",
       "      <td>0.2176767327758970 0.2771059360099510 0.258102...</td>\n",
       "    </tr>\n",
       "    <tr>\n",
       "      <th>9218</th>\n",
       "      <td>0.1776783938299250 0.3253148881288940 0.271782...</td>\n",
       "    </tr>\n",
       "    <tr>\n",
       "      <th>9219</th>\n",
       "      <td>0.1844965213904520 0.3219915091336750 0.257123...</td>\n",
       "    </tr>\n",
       "    <tr>\n",
       "      <th>9220</th>\n",
       "      <td>0.1807911854506840 0.3389530510199570 0.239284...</td>\n",
       "    </tr>\n",
       "    <tr>\n",
       "      <th>9221</th>\n",
       "      <td>0.1824504433778790 0.3328849001730690 0.256802...</td>\n",
       "    </tr>\n",
       "  </tbody>\n",
       "</table>\n",
       "<p>9222 rows × 1 columns</p>\n",
       "</div>"
      ],
      "text/plain": [
       "                                                column2\n",
       "0     0.3582422187511900 0.1824005993879130 0.203804...\n",
       "1     0.3202263750515830 0.2014711758271270 0.252032...\n",
       "2     0.3902239469763220 0.1697560865763170 0.146903...\n",
       "3     0.4225163516506150 0.1462738837101510 0.156172...\n",
       "4     0.3444835136001510 0.1891483460380290 0.202895...\n",
       "...                                                 ...\n",
       "9217  0.2176767327758970 0.2771059360099510 0.258102...\n",
       "9218  0.1776783938299250 0.3253148881288940 0.271782...\n",
       "9219  0.1844965213904520 0.3219915091336750 0.257123...\n",
       "9220  0.1807911854506840 0.3389530510199570 0.239284...\n",
       "9221  0.1824504433778790 0.3328849001730690 0.256802...\n",
       "\n",
       "[9222 rows x 1 columns]"
      ]
     },
     "execution_count": 5,
     "metadata": {},
     "output_type": "execute_result"
    }
   ],
   "source": [
    "txt2 = txt2.rename(columns={0:\"column2\"})\n",
    "txt2"
   ]
  },
  {
   "cell_type": "code",
   "execution_count": 6,
   "metadata": {},
   "outputs": [],
   "source": [
    "df1=txt1.column.str.split(pat=' ',expand=True)"
   ]
  },
  {
   "cell_type": "code",
   "execution_count": 7,
   "metadata": {
    "scrolled": true
   },
   "outputs": [
    {
     "data": {
      "text/html": [
       "<div>\n",
       "<style scoped>\n",
       "    .dataframe tbody tr th:only-of-type {\n",
       "        vertical-align: middle;\n",
       "    }\n",
       "\n",
       "    .dataframe tbody tr th {\n",
       "        vertical-align: top;\n",
       "    }\n",
       "\n",
       "    .dataframe thead th {\n",
       "        text-align: right;\n",
       "    }\n",
       "</style>\n",
       "<table border=\"1\" class=\"dataframe\">\n",
       "  <thead>\n",
       "    <tr style=\"text-align: right;\">\n",
       "      <th></th>\n",
       "      <th>0</th>\n",
       "      <th>1</th>\n",
       "      <th>2</th>\n",
       "      <th>3</th>\n",
       "      <th>4</th>\n",
       "      <th>5</th>\n",
       "      <th>6</th>\n",
       "      <th>7</th>\n",
       "      <th>8</th>\n",
       "      <th>9</th>\n",
       "      <th>10</th>\n",
       "      <th>11</th>\n",
       "      <th>12</th>\n",
       "      <th>13</th>\n",
       "      <th>14</th>\n",
       "      <th>15</th>\n",
       "    </tr>\n",
       "  </thead>\n",
       "  <tbody>\n",
       "    <tr>\n",
       "      <th>0</th>\n",
       "      <td>0.3582422187511900</td>\n",
       "      <td>0.1824005993879130</td>\n",
       "      <td>0.2038045893811830</td>\n",
       "      <td>0.2555525924797140</td>\n",
       "      <td>0.2803223871768120</td>\n",
       "      <td>0.2264515227946790</td>\n",
       "      <td>0.1442855147596470</td>\n",
       "      <td>0.3489405752688611</td>\n",
       "      <td>0.3414259176221890</td>\n",
       "      <td>0.2658702197168660</td>\n",
       "      <td>0.1840475732923370</td>\n",
       "      <td>0.2086562893686080</td>\n",
       "      <td>0.2309007718260390</td>\n",
       "      <td>0.2675575568305610</td>\n",
       "      <td>0.1767342977307390</td>\n",
       "      <td>0.3248073736126610</td>\n",
       "    </tr>\n",
       "    <tr>\n",
       "      <th>1</th>\n",
       "      <td>0.3202263750515830</td>\n",
       "      <td>0.2014711758271270</td>\n",
       "      <td>0.2520322008030550</td>\n",
       "      <td>0.2262702483182350</td>\n",
       "      <td>0.2606401755111800</td>\n",
       "      <td>0.2280506644297590</td>\n",
       "      <td>0.2092166143498610</td>\n",
       "      <td>0.3020925457092000</td>\n",
       "      <td>0.3756638652869330</td>\n",
       "      <td>0.1592312468903910</td>\n",
       "      <td>0.2281652441211520</td>\n",
       "      <td>0.2369396437015240</td>\n",
       "      <td>0.1342282096327000</td>\n",
       "      <td>0.3253939752760500</td>\n",
       "      <td>0.2201408637529810</td>\n",
       "      <td>0.3202369513382700</td>\n",
       "    </tr>\n",
       "    <tr>\n",
       "      <th>2</th>\n",
       "      <td>0.3902239469763220</td>\n",
       "      <td>0.1697560865763170</td>\n",
       "      <td>0.1469035117678190</td>\n",
       "      <td>0.2931164546795420</td>\n",
       "      <td>0.3504843764839971</td>\n",
       "      <td>0.1985943584385980</td>\n",
       "      <td>0.1998349795802070</td>\n",
       "      <td>0.2510862854971980</td>\n",
       "      <td>0.2708817343471930</td>\n",
       "      <td>0.2852806989160330</td>\n",
       "      <td>0.1849603624009060</td>\n",
       "      <td>0.2588772043358680</td>\n",
       "      <td>0.2361501609086060</td>\n",
       "      <td>0.1752503768598460</td>\n",
       "      <td>0.2038303536153610</td>\n",
       "      <td>0.3847691086161860</td>\n",
       "    </tr>\n",
       "    <tr>\n",
       "      <th>3</th>\n",
       "      <td>0.4225163516506150</td>\n",
       "      <td>0.1462738837101510</td>\n",
       "      <td>0.1561724262244420</td>\n",
       "      <td>0.2750373384147910</td>\n",
       "      <td>0.4054647962354610</td>\n",
       "      <td>0.1658527923288640</td>\n",
       "      <td>0.0594202255171801</td>\n",
       "      <td>0.3692621859184940</td>\n",
       "      <td>0.2944031292254200</td>\n",
       "      <td>0.1989569248599580</td>\n",
       "      <td>0.1641636082673360</td>\n",
       "      <td>0.3424763376472860</td>\n",
       "      <td>0.2528165884966670</td>\n",
       "      <td>0.1494840780054310</td>\n",
       "      <td>0.1656677363613920</td>\n",
       "      <td>0.4320315971365100</td>\n",
       "    </tr>\n",
       "    <tr>\n",
       "      <th>4</th>\n",
       "      <td>0.3444835136001510</td>\n",
       "      <td>0.1891483460380290</td>\n",
       "      <td>0.2028951605816560</td>\n",
       "      <td>0.2634729797801650</td>\n",
       "      <td>0.2743232754307540</td>\n",
       "      <td>0.3240326807461080</td>\n",
       "      <td>0.1781106071792710</td>\n",
       "      <td>0.2235334366438680</td>\n",
       "      <td>0.2255786577677700</td>\n",
       "      <td>0.2429836142587540</td>\n",
       "      <td>0.3248758717327740</td>\n",
       "      <td>0.2065618562407020</td>\n",
       "      <td>0.1959789866457190</td>\n",
       "      <td>0.2050643165750200</td>\n",
       "      <td>0.2509573841319720</td>\n",
       "      <td>0.3479993126472900</td>\n",
       "    </tr>\n",
       "    <tr>\n",
       "      <th>...</th>\n",
       "      <td>...</td>\n",
       "      <td>...</td>\n",
       "      <td>...</td>\n",
       "      <td>...</td>\n",
       "      <td>...</td>\n",
       "      <td>...</td>\n",
       "      <td>...</td>\n",
       "      <td>...</td>\n",
       "      <td>...</td>\n",
       "      <td>...</td>\n",
       "      <td>...</td>\n",
       "      <td>...</td>\n",
       "      <td>...</td>\n",
       "      <td>...</td>\n",
       "      <td>...</td>\n",
       "      <td>...</td>\n",
       "    </tr>\n",
       "    <tr>\n",
       "      <th>9217</th>\n",
       "      <td>0.2176767327758970</td>\n",
       "      <td>0.2771059360099510</td>\n",
       "      <td>0.2581024117199920</td>\n",
       "      <td>0.2471149194941610</td>\n",
       "      <td>0.1988074886377850</td>\n",
       "      <td>0.2409623483300670</td>\n",
       "      <td>0.4032856606763120</td>\n",
       "      <td>0.1569445023558350</td>\n",
       "      <td>0.2058497484437620</td>\n",
       "      <td>0.3700434893834740</td>\n",
       "      <td>0.2317728319263239</td>\n",
       "      <td>0.1923339302464400</td>\n",
       "      <td>0.1128124591022120</td>\n",
       "      <td>0.3608820834969240</td>\n",
       "      <td>0.3017275225755790</td>\n",
       "      <td>0.2245779348252850</td>\n",
       "    </tr>\n",
       "    <tr>\n",
       "      <th>9218</th>\n",
       "      <td>0.1776783938299250</td>\n",
       "      <td>0.3253148881288940</td>\n",
       "      <td>0.2717823021001100</td>\n",
       "      <td>0.2252244159410710</td>\n",
       "      <td>0.1572973966272440</td>\n",
       "      <td>0.2277318544135630</td>\n",
       "      <td>0.4848322357917060</td>\n",
       "      <td>0.1301385131674870</td>\n",
       "      <td>0.2049968777499360</td>\n",
       "      <td>0.4430496797098460</td>\n",
       "      <td>0.1994726511656130</td>\n",
       "      <td>0.1524807913746050</td>\n",
       "      <td>0.0763248819893912</td>\n",
       "      <td>0.4344055671808850</td>\n",
       "      <td>0.3070773922494200</td>\n",
       "      <td>0.1821921585803040</td>\n",
       "    </tr>\n",
       "    <tr>\n",
       "      <th>9219</th>\n",
       "      <td>0.1844965213904520</td>\n",
       "      <td>0.3219915091336750</td>\n",
       "      <td>0.2571236053524700</td>\n",
       "      <td>0.2363883641234030</td>\n",
       "      <td>0.1626821271144120</td>\n",
       "      <td>0.2303156639681950</td>\n",
       "      <td>0.4803319495521960</td>\n",
       "      <td>0.1266702593651980</td>\n",
       "      <td>0.2010492817716720</td>\n",
       "      <td>0.4407424845613490</td>\n",
       "      <td>0.2024218398584140</td>\n",
       "      <td>0.1557863938085650</td>\n",
       "      <td>0.0802719042068277</td>\n",
       "      <td>0.4275472218392390</td>\n",
       "      <td>0.3088502563202690</td>\n",
       "      <td>0.1833306176336650</td>\n",
       "    </tr>\n",
       "    <tr>\n",
       "      <th>9220</th>\n",
       "      <td>0.1807911854506840</td>\n",
       "      <td>0.3389530510199570</td>\n",
       "      <td>0.2392849241116860</td>\n",
       "      <td>0.2409708394176730</td>\n",
       "      <td>0.1606199181674530</td>\n",
       "      <td>0.2260671194315670</td>\n",
       "      <td>0.4929877251179871</td>\n",
       "      <td>0.1203252372829920</td>\n",
       "      <td>0.2014717025837500</td>\n",
       "      <td>0.4382875139983859</td>\n",
       "      <td>0.2003451258793000</td>\n",
       "      <td>0.1598956575385640</td>\n",
       "      <td>0.0815908745519072</td>\n",
       "      <td>0.4340622010852561</td>\n",
       "      <td>0.3044617076245050</td>\n",
       "      <td>0.1798852167383320</td>\n",
       "    </tr>\n",
       "    <tr>\n",
       "      <th>9221</th>\n",
       "      <td>0.1824504433778790</td>\n",
       "      <td>0.3328849001730690</td>\n",
       "      <td>0.2568023266187310</td>\n",
       "      <td>0.2278623298303210</td>\n",
       "      <td>0.1558485828265170</td>\n",
       "      <td>0.2241911749816060</td>\n",
       "      <td>0.4946860213166649</td>\n",
       "      <td>0.1252742208752120</td>\n",
       "      <td>0.2062552137201000</td>\n",
       "      <td>0.4402246432341770</td>\n",
       "      <td>0.1987831824815430</td>\n",
       "      <td>0.1547369605641800</td>\n",
       "      <td>0.0771215118511916</td>\n",
       "      <td>0.4347840264342079</td>\n",
       "      <td>0.3022651681485190</td>\n",
       "      <td>0.1858292935660820</td>\n",
       "    </tr>\n",
       "  </tbody>\n",
       "</table>\n",
       "<p>9222 rows × 16 columns</p>\n",
       "</div>"
      ],
      "text/plain": [
       "                      0                   1                   2   \\\n",
       "0     0.3582422187511900  0.1824005993879130  0.2038045893811830   \n",
       "1     0.3202263750515830  0.2014711758271270  0.2520322008030550   \n",
       "2     0.3902239469763220  0.1697560865763170  0.1469035117678190   \n",
       "3     0.4225163516506150  0.1462738837101510  0.1561724262244420   \n",
       "4     0.3444835136001510  0.1891483460380290  0.2028951605816560   \n",
       "...                  ...                 ...                 ...   \n",
       "9217  0.2176767327758970  0.2771059360099510  0.2581024117199920   \n",
       "9218  0.1776783938299250  0.3253148881288940  0.2717823021001100   \n",
       "9219  0.1844965213904520  0.3219915091336750  0.2571236053524700   \n",
       "9220  0.1807911854506840  0.3389530510199570  0.2392849241116860   \n",
       "9221  0.1824504433778790  0.3328849001730690  0.2568023266187310   \n",
       "\n",
       "                      3                   4                   5   \\\n",
       "0     0.2555525924797140  0.2803223871768120  0.2264515227946790   \n",
       "1     0.2262702483182350  0.2606401755111800  0.2280506644297590   \n",
       "2     0.2931164546795420  0.3504843764839971  0.1985943584385980   \n",
       "3     0.2750373384147910  0.4054647962354610  0.1658527923288640   \n",
       "4     0.2634729797801650  0.2743232754307540  0.3240326807461080   \n",
       "...                  ...                 ...                 ...   \n",
       "9217  0.2471149194941610  0.1988074886377850  0.2409623483300670   \n",
       "9218  0.2252244159410710  0.1572973966272440  0.2277318544135630   \n",
       "9219  0.2363883641234030  0.1626821271144120  0.2303156639681950   \n",
       "9220  0.2409708394176730  0.1606199181674530  0.2260671194315670   \n",
       "9221  0.2278623298303210  0.1558485828265170  0.2241911749816060   \n",
       "\n",
       "                      6                   7                   8   \\\n",
       "0     0.1442855147596470  0.3489405752688611  0.3414259176221890   \n",
       "1     0.2092166143498610  0.3020925457092000  0.3756638652869330   \n",
       "2     0.1998349795802070  0.2510862854971980  0.2708817343471930   \n",
       "3     0.0594202255171801  0.3692621859184940  0.2944031292254200   \n",
       "4     0.1781106071792710  0.2235334366438680  0.2255786577677700   \n",
       "...                  ...                 ...                 ...   \n",
       "9217  0.4032856606763120  0.1569445023558350  0.2058497484437620   \n",
       "9218  0.4848322357917060  0.1301385131674870  0.2049968777499360   \n",
       "9219  0.4803319495521960  0.1266702593651980  0.2010492817716720   \n",
       "9220  0.4929877251179871  0.1203252372829920  0.2014717025837500   \n",
       "9221  0.4946860213166649  0.1252742208752120  0.2062552137201000   \n",
       "\n",
       "                      9                   10                  11  \\\n",
       "0     0.2658702197168660  0.1840475732923370  0.2086562893686080   \n",
       "1     0.1592312468903910  0.2281652441211520  0.2369396437015240   \n",
       "2     0.2852806989160330  0.1849603624009060  0.2588772043358680   \n",
       "3     0.1989569248599580  0.1641636082673360  0.3424763376472860   \n",
       "4     0.2429836142587540  0.3248758717327740  0.2065618562407020   \n",
       "...                  ...                 ...                 ...   \n",
       "9217  0.3700434893834740  0.2317728319263239  0.1923339302464400   \n",
       "9218  0.4430496797098460  0.1994726511656130  0.1524807913746050   \n",
       "9219  0.4407424845613490  0.2024218398584140  0.1557863938085650   \n",
       "9220  0.4382875139983859  0.2003451258793000  0.1598956575385640   \n",
       "9221  0.4402246432341770  0.1987831824815430  0.1547369605641800   \n",
       "\n",
       "                      12                  13                  14  \\\n",
       "0     0.2309007718260390  0.2675575568305610  0.1767342977307390   \n",
       "1     0.1342282096327000  0.3253939752760500  0.2201408637529810   \n",
       "2     0.2361501609086060  0.1752503768598460  0.2038303536153610   \n",
       "3     0.2528165884966670  0.1494840780054310  0.1656677363613920   \n",
       "4     0.1959789866457190  0.2050643165750200  0.2509573841319720   \n",
       "...                  ...                 ...                 ...   \n",
       "9217  0.1128124591022120  0.3608820834969240  0.3017275225755790   \n",
       "9218  0.0763248819893912  0.4344055671808850  0.3070773922494200   \n",
       "9219  0.0802719042068277  0.4275472218392390  0.3088502563202690   \n",
       "9220  0.0815908745519072  0.4340622010852561  0.3044617076245050   \n",
       "9221  0.0771215118511916  0.4347840264342079  0.3022651681485190   \n",
       "\n",
       "                      15  \n",
       "0     0.3248073736126610  \n",
       "1     0.3202369513382700  \n",
       "2     0.3847691086161860  \n",
       "3     0.4320315971365100  \n",
       "4     0.3479993126472900  \n",
       "...                  ...  \n",
       "9217  0.2245779348252850  \n",
       "9218  0.1821921585803040  \n",
       "9219  0.1833306176336650  \n",
       "9220  0.1798852167383320  \n",
       "9221  0.1858292935660820  \n",
       "\n",
       "[9222 rows x 16 columns]"
      ]
     },
     "execution_count": 7,
     "metadata": {},
     "output_type": "execute_result"
    }
   ],
   "source": [
    "df2=txt2.column2.str.split(pat=' ',expand=True)\n",
    "df2"
   ]
  },
  {
   "cell_type": "code",
   "execution_count": 8,
   "metadata": {},
   "outputs": [],
   "source": [
    "df1 = df1.astype(float)\n",
    "df2 = df2.astype(float)"
   ]
  },
  {
   "cell_type": "code",
   "execution_count": 9,
   "metadata": {},
   "outputs": [],
   "source": [
    "df1.to_csv('P1_inicial_organizada.csv')"
   ]
  },
  {
   "cell_type": "code",
   "execution_count": 10,
   "metadata": {},
   "outputs": [],
   "source": [
    "df2.to_csv('P2_inicial_organizada.csv')"
   ]
  },
  {
   "cell_type": "markdown",
   "metadata": {},
   "source": [
    "# Find pi value for the 1st line"
   ]
  },
  {
   "cell_type": "code",
   "execution_count": 11,
   "metadata": {},
   "outputs": [
    {
     "data": {
      "text/plain": [
       "array([[0.32113707, 0.12983662, 0.28462868, 0.26439763],\n",
       "       [0.28672405, 0.1834572 , 0.18888948, 0.34092926],\n",
       "       [0.33460657, 0.20582896, 0.22956045, 0.23000403],\n",
       "       [0.21963137, 0.20771228, 0.21894823, 0.35370813]])"
      ]
     },
     "execution_count": 11,
     "metadata": {},
     "output_type": "execute_result"
    }
   ],
   "source": [
    "# get 1st line and organize as a 4x4 matrix considering the order we need, which is every 4 elements is a line of the matrix\n",
    "line1=df1.iloc[:1]\n",
    "a1 = np.array([[line1[0], line1[1], line1[2], line1[3]],\n",
    "             [line1[4], line1[5], line1[6], line1[7]],\n",
    "             [line1[8], line1[9], line1[10], line1[11]],\n",
    "             [line1[12], line1[13], line1[14], line1[15]]])\n",
    "matrix1=np.array(a1).reshape(4,4)\n",
    "matrix1"
   ]
  },
  {
   "cell_type": "code",
   "execution_count": 12,
   "metadata": {},
   "outputs": [
    {
     "data": {
      "text/plain": [
       "array([[0.32113707, 0.28672405, 0.33460657, 0.21963137],\n",
       "       [0.12983662, 0.1834572 , 0.20582896, 0.20771228],\n",
       "       [0.28462868, 0.18888948, 0.22956045, 0.21894823],\n",
       "       [0.26439763, 0.34092926, 0.23000403, 0.35370813]])"
      ]
     },
     "execution_count": 12,
     "metadata": {},
     "output_type": "execute_result"
    }
   ],
   "source": [
    "# transpose the matrix because we need eigenvector from the left\n",
    "transposta1 = np.transpose(matrix1)\n",
    "transposta1"
   ]
  },
  {
   "cell_type": "code",
   "execution_count": 13,
   "metadata": {
    "scrolled": true
   },
   "outputs": [
    {
     "data": {
      "text/plain": [
       "array([ 1.        +0.j        ,  0.14030623+0.j        ,\n",
       "       -0.0262217 +0.05142939j, -0.0262217 -0.05142939j])"
      ]
     },
     "execution_count": 13,
     "metadata": {},
     "output_type": "execute_result"
    }
   ],
   "source": [
    "b1,r1 = np.linalg.eig(transposta1)\n",
    "b1"
   ]
  },
  {
   "cell_type": "code",
   "execution_count": 14,
   "metadata": {},
   "outputs": [
    {
     "data": {
      "text/plain": [
       "array([[-0.56622126+0.j        , -0.58660633+0.j        ,\n",
       "        -0.02011774+0.41514231j, -0.02011774-0.41514231j],\n",
       "       [-0.35482565+0.j        ,  0.28174796+0.j        ,\n",
       "        -0.61140075+0.j        , -0.61140075-0.j        ],\n",
       "       [-0.46191449+0.j        , -0.36237262+0.j        ,\n",
       "         0.19342944-0.47018564j,  0.19342944+0.47018564j],\n",
       "       [-0.58320429+0.j        ,  0.66723098+0.j        ,\n",
       "         0.43808905+0.05504333j,  0.43808905-0.05504333j]])"
      ]
     },
     "execution_count": 14,
     "metadata": {},
     "output_type": "execute_result"
    }
   ],
   "source": [
    "r1"
   ]
  },
  {
   "cell_type": "code",
   "execution_count": 15,
   "metadata": {},
   "outputs": [
    {
     "data": {
      "text/plain": [
       "(0.9999999999999999+0j)"
      ]
     },
     "execution_count": 15,
     "metadata": {},
     "output_type": "execute_result"
    }
   ],
   "source": [
    "b1[0]"
   ]
  },
  {
   "cell_type": "code",
   "execution_count": 16,
   "metadata": {},
   "outputs": [
    {
     "data": {
      "text/plain": [
       "array([-0.56622126+0.j, -0.35482565+0.j, -0.46191449+0.j, -0.58320429+0.j])"
      ]
     },
     "execution_count": 16,
     "metadata": {},
     "output_type": "execute_result"
    }
   ],
   "source": [
    "r1[:,0]"
   ]
  },
  {
   "cell_type": "code",
   "execution_count": 17,
   "metadata": {},
   "outputs": [],
   "source": [
    "norms = np.linalg.norm(r1[:,0])"
   ]
  },
  {
   "cell_type": "code",
   "execution_count": 18,
   "metadata": {},
   "outputs": [
    {
     "data": {
      "text/plain": [
       "array([0.28798248-0.j, 0.18046579-0.j, 0.23493162-0.j, 0.29662011-0.j])"
      ]
     },
     "execution_count": 18,
     "metadata": {},
     "output_type": "execute_result"
    }
   ],
   "source": [
    "normal=r1[:,0]/(r1[0,0]+r1[1,0]+r1[2,0]+r1[3,0])\n",
    "normal"
   ]
  },
  {
   "cell_type": "markdown",
   "metadata": {},
   "source": [
    "# Generalize the method for the rest of the data"
   ]
  },
  {
   "cell_type": "code",
   "execution_count": 19,
   "metadata": {},
   "outputs": [],
   "source": [
    "# organizing all lines as the matrix needed and store in one table\n",
    "lenghtdf1 = list(range(1,9222))\n",
    "lista=[matrix1]\n",
    "for i in lenghtdf1:\n",
    "    line=df1.iloc[i:i+1]\n",
    "    a = np.array([[line[0], line[1], line[2], line[3]],\n",
    "             [line[4], line[5], line[6], line[7]],\n",
    "             [line[8], line[9], line[10], line[11]],\n",
    "             [line[12], line[13], line[14], line[15]]])\n",
    "    matrix=np.array(a).reshape(4,4)\n",
    "    lista.append(matrix)"
   ]
  },
  {
   "cell_type": "code",
   "execution_count": 20,
   "metadata": {},
   "outputs": [],
   "source": [
    "transpostadf1=[]\n",
    "for n in lista:\n",
    "    transposta = np.transpose(n)\n",
    "    transpostadf1.append(transposta)"
   ]
  },
  {
   "cell_type": "code",
   "execution_count": 21,
   "metadata": {},
   "outputs": [
    {
     "data": {
      "text/plain": [
       "[array([[0.32113707, 0.28672405, 0.33460657, 0.21963137],\n",
       "        [0.12983662, 0.1834572 , 0.20582896, 0.20771228],\n",
       "        [0.28462868, 0.18888948, 0.22956045, 0.21894823],\n",
       "        [0.26439763, 0.34092926, 0.23000403, 0.35370813]]),\n",
       " array([[0.31918066, 0.25793418, 0.37782468, 0.1339357 ],\n",
       "        [0.19536896, 0.22053332, 0.15256508, 0.31342897],\n",
       "        [0.26722137, 0.22815213, 0.24399606, 0.2392592 ],\n",
       "        [0.21822901, 0.29338038, 0.22561418, 0.31337613]]),\n",
       " array([[0.38489458, 0.34335664, 0.27096272, 0.23192345],\n",
       "        [0.15666956, 0.18962698, 0.2667116 , 0.16163373],\n",
       "        [0.16376267, 0.21322198, 0.19631396, 0.22028263],\n",
       "        [0.29467319, 0.25379441, 0.26601172, 0.38616018]]),\n",
       " array([[0.42060546, 0.39289327, 0.3264885 , 0.26551596],\n",
       "        [0.15662394, 0.19606999, 0.17954411, 0.1271986 ],\n",
       "        [0.17922249, 0.06387879, 0.18974258, 0.20886324],\n",
       "        [0.24354811, 0.34715795, 0.3042248 , 0.3984222 ]]),\n",
       " array([[0.34762127, 0.27640207, 0.23196688, 0.19806468],\n",
       "        [0.186882  , 0.32619571, 0.24278587, 0.20423227],\n",
       "        [0.20468029, 0.17928034, 0.32328692, 0.25567839],\n",
       "        [0.26081644, 0.21812188, 0.20196033, 0.34202465]]),\n",
       " array([[0.39982631, 0.32557293, 0.27173633, 0.24240839],\n",
       "        [0.20398882, 0.22939085, 0.22269055, 0.14947871],\n",
       "        [0.19396345, 0.17107259, 0.22482145, 0.22477056],\n",
       "        [0.20222143, 0.27396363, 0.28075167, 0.38334233]]),\n",
       " array([[0.29705911, 0.27006533, 0.22689272, 0.18447742],\n",
       "        [0.21820852, 0.22185946, 0.3164931 , 0.22641656],\n",
       "        [0.21427187, 0.30478387, 0.23860771, 0.29631031],\n",
       "        [0.2704605 , 0.20329133, 0.21800647, 0.29279571]]),\n",
       " array([[0.23981812, 0.21303185, 0.24651957, 0.11658792],\n",
       "        [0.2393062 , 0.2445969 , 0.34306922, 0.34113211],\n",
       "        [0.26753693, 0.35174628, 0.24219052, 0.30309225],\n",
       "        [0.25333875, 0.19062497, 0.16822068, 0.23918772]]),\n",
       " array([[0.4168446 , 0.30147266, 0.2730152 , 0.22296084],\n",
       "        [0.12437385, 0.21408032, 0.28823161, 0.16227368],\n",
       "        [0.19463681, 0.18611854, 0.23508885, 0.19453372],\n",
       "        [0.26414474, 0.29832847, 0.20366433, 0.42023177]]),\n",
       " array([[0.36880897, 0.21958754, 0.33312512, 0.2412133 ],\n",
       "        [0.1962455 , 0.26234405, 0.15923138, 0.24210583],\n",
       "        [0.25888231, 0.19433082, 0.27089223, 0.16192679],\n",
       "        [0.17606322, 0.32373759, 0.23675127, 0.35475408]]),\n",
       " array([[0.41780888, 0.2969786 , 0.26771544, 0.22357698],\n",
       "        [0.12459212, 0.21753951, 0.28839003, 0.16027299],\n",
       "        [0.19559464, 0.1936094 , 0.24186431, 0.19456654],\n",
       "        [0.26200436, 0.29187249, 0.20203021, 0.42158349]]),\n",
       " array([[0.3247209 , 0.28427949, 0.34083642, 0.22480351],\n",
       "        [0.13723848, 0.19741791, 0.19913089, 0.21213014],\n",
       "        [0.2696103 , 0.16224614, 0.22513256, 0.2133851 ],\n",
       "        [0.26843032, 0.35605645, 0.23490013, 0.34968125]]),\n",
       " array([[0.44291092, 0.43473125, 0.41427011, 0.35289169],\n",
       "        [0.09802384, 0.12994684, 0.16672734, 0.08201893],\n",
       "        [0.19479297, 0.10632014, 0.17546414, 0.17749737],\n",
       "        [0.26427227, 0.32900177, 0.24353841, 0.38759201]]),\n",
       " array([[0.44217914, 0.42545228, 0.4083004 , 0.34955848],\n",
       "        [0.10093583, 0.13537118, 0.16007905, 0.0811975 ],\n",
       "        [0.18181818, 0.10043668, 0.18181818, 0.17704071],\n",
       "        [0.27506684, 0.33873986, 0.24980237, 0.39220332]]),\n",
       " array([[0.44473258, 0.41503848, 0.4012135 , 0.34816207],\n",
       "        [0.09675851, 0.14446418, 0.16003034, 0.08897243],\n",
       "        [0.18589951, 0.10657194, 0.18126659, 0.17397661],\n",
       "        [0.2726094 , 0.3339254 , 0.25748957, 0.38888889]]),\n",
       " array([[0.43491411, 0.40282132, 0.38745588, 0.33509674],\n",
       "        [0.10706509, 0.14028213, 0.18544665, 0.09461911],\n",
       "        [0.1865473 , 0.10070533, 0.18191692, 0.18349456],\n",
       "        [0.27147351, 0.35619122, 0.24518056, 0.3867896 ]]),\n",
       " array([[0.44706613, 0.43919717, 0.41639103, 0.3539916 ],\n",
       "        [0.09655387, 0.13754427, 0.16060272, 0.08445378],\n",
       "        [0.19217634, 0.094451  , 0.18008085, 0.17521008],\n",
       "        [0.26420366, 0.32880756, 0.2429254 , 0.38634454]]),\n",
       " array([[0.44375773, 0.4351145 , 0.41739766, 0.35637194],\n",
       "        [0.09703337, 0.12977099, 0.1630117 , 0.08468244],\n",
       "        [0.19174907, 0.10452143, 0.17836257, 0.17227065],\n",
       "        [0.26745983, 0.33059307, 0.24122807, 0.38667497]]),\n",
       " array([[0.448635  , 0.43571844, 0.4005285 , 0.35610066],\n",
       "        [0.0981537 , 0.13321699, 0.17553794, 0.08521886],\n",
       "        [0.18384093, 0.10063991, 0.17818045, 0.17762741],\n",
       "        [0.26937036, 0.33042467, 0.24575311, 0.38105308]]),\n",
       " array([[0.50044162, 0.60392157, 0.23462167, 0.4913023 ],\n",
       "        [0.0445151 , 0.02352941, 0.01034295, 0.05336154],\n",
       "        [0.16498852, 0.02156863, 0.20250408, 0.12223789],\n",
       "        [0.29005476, 0.35098039, 0.5525313 , 0.33309826]]),\n",
       " array([[0.4387916 , 0.41090147, 0.40125328, 0.33997035],\n",
       "        [0.11693917, 0.13836478, 0.18374773, 0.10262656],\n",
       "        [0.16997261, 0.09407757, 0.17849202, 0.17549248],\n",
       "        [0.27429662, 0.35665618, 0.23650697, 0.38191061]]),\n",
       " array([[0.53179191, 0.43307087, 0.41428571, 0.43117745],\n",
       "        [0.09344894, 0.18110236, 0.15357143, 0.11276949],\n",
       "        [0.12138728, 0.09055118, 0.18928571, 0.13101161],\n",
       "        [0.25337187, 0.29527559, 0.24285714, 0.32504146]]),\n",
       " array([[0.22577296, 0.22329537, 0.21373537, 0.0937018 ],\n",
       "        [0.30041532, 0.28384028, 0.3642021 , 0.31028278],\n",
       "        [0.31772035, 0.31036471, 0.26618758, 0.36580977],\n",
       "        [0.15609137, 0.18249964, 0.15587494, 0.23020566]]),\n",
